020101003801202609
020101012701202609
020101012709202609
020101013501202609
020101013509202609
020101014301202609
020101014307202609
020101014309202609
020101016001202609
020101016009202609
020101020801202609
020101020809202609
020101024001202609
020101024007202609
020101024009202609
020101025901202609
020101026701202609
020101026707202609
020101026709202609
020101027503202609
020101027507202609
020101027509202609
020101030501202609
020101030507202609
020101030509202609
020101031301202609
020101031307202609
020101031309202609
020101032101202609
020101032107202609
020101032109202609
020101033001202609
020101033007202609
020101033009202609
020101040201202609
020101040207202609
020101040209202609
020101053401202609
020101053409202609
020101055001202609
020101055009202609
020904003301202609
020904003307202609
020904003309202609
020904005001202609
020904005007202609
020904005009202609
021105009101202609
021105010503202609
021105010507202609
021105010509202609
021105014801202609
030106001003202609
030106001007202609
030106007001202609
030106007003202609
030106007007202609
030106007009202609
030106008803202609
030109001703202609
030109001709202609
030109001713202609
030109002503202609
030109002509202609
030109002513202609
030116002303202609
030116002307202609
030301001003202609
030301001007202609
030301002903202609
030301002907202609
030301003703202609
030301003707202609
030301004503202609
030301004507202609
030301005303202609
030301005307202609
030301006103202609
030301006107202609
030301007003202609
030301007007202609
030301008803202609
030301008807202609
030301009603202609
030301009607202609
030301010003202609
030301010007202609
030301011803202609
030301011807202609
030301012603202609
030301012607202609
030301013403202609
030301013407202609
030301014203202609
030301014207202609
030301015003202609
030301015007202609
030301016903202609
030301016907202609
030301017703202609
030301017707202609
030301018503202609
030301018507202609
030301019303202609
030301019307202609
030301020703202609
030301020707202609
030301021503202609
030301021506202609
030301021507202609
030302003203202609
030302003207202609
030302004003202609
030302004007202609
030302005903202609
030302005907202609
030302006703202609
030302006707202609
030302007503202609
030302007507202609
030302008303202609
030302008307202609
030303001107202609
030303001111202609
030303002003202609
030303002007202609
030303003803202609
030303003807202609
030303004603202609
030303004607202609
030303005403202609
030303005407202609
030303006203202609
030303006207202609
030304001703202609
030304001707202609
030304002503202609
030304002507202609
030304003303202609
030304003307202609
030304004103202609
030304004107202609
030304005003202609
030304005007202609
030304006803202609
030304006807202609
030304007603202609
030304007607202609
030304008401202609
030304008403202609
030304008407202609
030304009201202609
030304009203202609
030304009207202609
030304010603202609
030304010607202609
030304011401202609
030304011403202609
030304011407202609
030304012201202609
030304012203202609
030304012207202609
030304013003202609
030304013007202609
030304014903202609
030304014907202609
030304015703202609
030304015707202609
030304016503202609
030304016507202609
030304017303202609
030304017307202609
030304018103202609
030304019003202609
030304019007202609
030304020303202609
030304020307202609
030304021103202609
030304021107202609
030304022003202609
030304022007202609
030304023803202609
030304023807202609
030304024603202609
030304024607202609
030304025403202609
030304025407202609
030304026203202609
030304026207202609
030304027003202609
030304027007202609
030304028903202609
030304029703202609
030304029707202609
030304030003202609
030305013603202609
030305013607202609
030305014403202609
030305014407202609
030306001803202609
030306001807202609
030306002603202609
030306002607202609
030306003403202609
030306003407202609
030306004203202609
030306004207202609
030306005003202609
030306005007202609
030306006903202609
030306006907202609
030306007703202609
030306007707202609
030306008503202609
030306008507202609
030306009303202609
030306009307202609
030306010703202609
030306010707202609
030306011503202609
030306011507202609
030306012303202609
030306012307202609
030306013103202609
030306013107202609
030306014003202609
030306014007202609
030306015803202609
030306015807202609
030306016603202609
030306016607202609
030306017403202609
030306017407202609
030306018203202609
030306018207202609
030306019003202609
030306019007202609
030306020403202609
030306020407202609
030306021203202609
030306021207202609
030306022001202609
030306022003202609
030306022007202609
030306023903202609
030306023907202609
030306024703202609
030306024707202609
030306025503202609
030306025507202609
030306026303202609
030306026307202609
030306027103202609
030306027107202609
030306028003202609
030306028007202609
030306029803202609
030306029807202609
030306030103202609
030306030107202609
030307006403202609
030307006407202609
030307007203202609
030307007207202609
030307008003202609
030307008007202609
030307009903202609
030307009907202609
030307010203202609
030307010207202609
030307011003202609
030307011007202609
030307012903202609
030307012907202609
030307013701202609
030308004303202609
030308004307202609
030308005103202609
030308005107202609
030308006003202609
030308006007202609
030308007803202609
030308007807202609
030308008603202609
030308008607202609
030308009403202609
030308009407202609
030309013803202609
030309013807202609
030309013809202609
030309019703202609
030309019707202609
030309019709202609
030309023503202609
030309023507202609
030309023509202609
030309031603202609
030309031607202609
030310001002202609
030310001003202609
030310001007202609
030310002802202609
030310002803202609
030310002807202609
030310003602202609
030310003603202609
030310003607202609
030310004402202609
030310004403202609
030310004407202609
030310005202202609
030310005203202609
030310005207202609
030311001503202609
030311001507202609
030311002303202609
030311002307202609
030311003103202609
030311003107202609
030311004003202609
030311004007202609
030311005803202609
030311005807202609
030311006603202609
030311006607202609
030311007403202609
030311007407202609
030311008203202609
030311008207202609
030311009003202609
030311009007202609
030311010403202609
030311010407202609
030311011203202609
030311011207202609
030313001604202609
030313002404202609
030313003204202609
030313004004202609
030313005904202609
030313006704202609
030313007504202609
030313008304202609
030314002003202609
030314002007202609
030314003803202609
030314003807202609
030314004603202609
030314004607202609
030314005403202609
030314005407202609
030314006203202609
030314006207202609
030314007003202609
030314007007202609
030314008903202609
030314008907202609
030314009703202609
030314009707202609
030314010003202609
030314010007202609
030314011903202609
030314011907202609
030314012703202609
030314012707202609
030314013503202609
030314013507202609
030314014303202609
030314014307202609
030314015103202609
030314015107202609
030315001703202609
030315001707202609
030315002503202609
030315002507202609
030315003303202609
030315003307202609
030315004103202609
030315004107202609
030315005003202609
030315005007202609
030315006803202609
030315006807202609
030316001207202609
030316002007202609
030316003907202609
030316004707202609
030316005507202609
030316006307202609
030316007107202609
030317009305202609
030317009307202609
030317010707202609
030317010714202609
030317013102202609
030317013103202609
030317013105202609
030317013107202609
030317013187202609
030317014002202609
030317014003202609
030317014005202609
030317014007202609
030317014087202609
030317015802202609
030317015803202609
030317015805202609
030317015807202609
030317015887202609
030317016602202609
030317016603202609
030317016605202609
030317016607202609
030317016687202609
030317017402202609
030317017403202609
030317017405202609
030317017407202609
030317017487202609
030317018202202609
030317018203202609
030317018205202609
030317018207202609
030317018287202609
030317019005202609
030317019007202609
030317020405202609
030317020407202609
030318001303202609
030318001307202609
030318003003202609
030318003007202609
030318004803202609
030318004807202609
030318005603202609
030318005607202609
030318006403202609
030318006407202609
030318007207202609
030318007210202609
030319001903202609
030319001907202609
030319001908202609
030401011103202609
030401011107202609
030401035903202609
030401035907202609
030401049903202609
030401049907202609
030401059603202609
030401059607202609
030408002003202609
030408002007202609
030408003903202609
030408003907202609
030408003909202609
030408004703202609
030408006303202609
030409001803202609
030409001807202609
030409002603202609
030409002607202609
030409003403202609
030409003407202609
030409004203202609
030409004207202609
030410001303202609
030410001307202609
030410001309202609
030410002103202609
030410002107202609
030501017403202609
030501017407202609
030502001303202609
030502001307202609
030502002103202609
030502002107202609
030502003003202609
030502003007202609
030502004803202609
030502004807202609
030502005603202609
030502005607202609
030701005801202609
030701005803202609
030701005807202609
030701005809202609
030702003701202609
030702003703202609
030702003707202609
030702003709202609
030702004501202609
030702004503202609
030702004507202609
030702004509202609
030702005301202609
030702005303202609
030702005307202609
030702005309202609
030702006101202609
030702006103202609
030702006107202609
030702006109202609
030702008801202609
030702008803202609
030702008807202609
030702008809202609
030702009601202609
030702009603202609
030702009607202609
030702009609202609
030702010001202609
030702010003202609
030702010007202609
030702010009202609
030702011801202609
030702011803202609
030702011807202609
030702011809202609
030703003201202609
030703003203202609
030703003207202609
030703003209202609
030704001101202609
030704001103202609
030704001107202609
030704001109202609
030704006201202609
030704006203202609
030704006207202609
030704006209202609
030704008901202609
030704008903202609
030704008907202609
030704008909202609
030801001901202609
030801001903202609
030801001907202609
030801002703202609
030801002707202609
030801003501202609
030801003503202609
030801003507202609
030801004301202609
030801004303202609
030801004307202609
030802002203202609
030802002207202609
030802003003202609
030802003007202609
030803001003202609
030803001007202609
030803002803202609
030803002807202609
030803003601202609
030803003603202609
030803003607202609
030803003683202609
030804001501202609
030804001503202609
030804001507202609
030804002303202609
030804002307202609
030901003901202609
030901003903202609
030901003907202609
030908001007202609
031001003901202609
031001003902202609
031001003903202609
031001004701202609
031001004702202609
031001004703202609
031001005502202609
040102001001202609
040102001007202609
040102001009202609
040102002901202609
040102002907202609
040102002909202609
040102003701202609
040102003707202609
040102003709202609
040102004501202609
040102004507202609
040102004509202609
040102005301202609
040102005307202609
040102005309202609
040102006101202609
040102006107202609
040102006109202609
040102007001202609
040102007007202609
040102007009202609
040102008801202609
040102008807202609
040102008809202609
040102009601202609
040102009607202609
040102009609202609
040102010001202609
040102010007202609
040102010009202609
040102011801202609
040102011807202609
040102011809202609
040102012601202609
040102012607202609
040102012609202609
040102013401202609
040102013409202609
040102014201202609
040102014207202609
040102014209202609
040102015001202609
040102015007202609
040102015009202609
040102016901202609
040102016907202609
040102016909202609
040201001901202609
040201001907202609
040201002701202609
040201002707202609
040201003501202609
040201003507202609
040201003509202609
040201004301202609
040201004307202609
040201004309202609
040201005101202609
040201005107202609
040202001401202609
040202001407202609
040202002201202609
040202002207202609
040301001201202609
040301001207202609
040301002001202609
040301002007202609
040301003901202609
040301003907202609
040301004701202609
040301004707202609
040301005501202609
040301005507202609
040301006301202609
040301006307202609
040301007101202609
040301007107202609
040301008001202609
040301008007202609
040301008009202609
040301009801202609
040301009807202609
040301010101202609
040301010107202609
040301011001202609
040301011007202609
040301012801202609
040301012807202609
040301013601202609
040301013607202609
040301014401202609
040301014407202609
040301015201202609
040301015207202609
040301016001202609
040301016007202609
040301017901202609
040301017907202609
040301018701202609
040301018707202609
040301019501202609
040301019507202609
040301020901202609
040301020907202609
040301021701202609
040301021707202609
040301022501202609
040301022507202609
040301023301202609
040301023307202609
040301024101202609
040301024107202609
040301025001202609
040301025007202609
040301026801202609
040301026807202609
040301027601202609
040301027607202609
040301028401202609
040301028407202609
040301029201202609
040301029207202609
040301030601202609
040301030607202609
040301031401202609
040301031407202609
040301032201202609
040301032207202609
040301033001202609
040301033007202609
040301034901202609
040301034907202609
040301035701202609
040301035707202609
040301036501202609
040301036507202609
040301039001202609
040301039003202609
040301039007202609
040302001801202609
040302001807202609
040302002601202609
040302002607202609
040302003401202609
040302003407202609
040302004201202609
040302004207202609
040302005001202609
040302005007202609
040302006901202609
040302006907202609
040302007701202609
040302007707202609
040302007709202609
040302008501202609
040302008507202609
040302008509202609
040302009301202609
040302009307202609
040302009309202609
040302010701202609
040302010707202609
040302011501202609
040302011507202609
040302012301202609
040302012307202609
040302012309202609
040302013101202609
040302013107202609
040303001301202609
040303001307202609
040303002101202609
040303002107202609
040303003001202609
040303003007202609
040303004801202609
040303004807202609
040303005601202609
040303005607202609
040303006401202609
040303006407202609
040303008001202609
040303008007202609
040303009901202609
040303009907202609
040303010201202609
040303010207202609
040303011001202609
040303011007202609
040303012901202609
040303012907202609
040303013701202609
040303013707202609
040303014501202609
040303014507202609
040303015301202609
040303015307202609
040303016101202609
040303016107202609
040304001901202609
040304001907202609
040304002701202609
040304002707202609
040304005101202609
040304005107202609
040304006001202609
040304006007202609
040304007801202609
040304007807202609
040304008601202609
040304008607202609
040304009401202609
040304009407202609
040304010801202609
040304010807202609
040304011601202609
040304011607202609
040304012401202609
040304012407202609
040305003001202609
040305003003202609
040305003007202609
040305004901202609
040305004907202609
040305005701202609
040305006501202609
040305006507202609
040305007301202609
040305007307202609
040305009001202609
040305009007202609
040305009009202609
040305010301202609
040305010307202609
040305010309202609
040305011101202609
040305011107202609
040305012001202609
040305012007202609
040305013801202609
040305013807202609
040305014601202609
040305014607202609
040305015401202609
040305015407202609
040305016201202609
040306001001202609
040306001007202609
040306002801202609
040306002807202609
040306003601202609
040306003607202609
040306004401202609
040306004407202609
040306005201202609
040306005207202609
040306006001202609
040306006007202609
040306007901202609
040306007907202609
040306008701202609
040306008707202609
040306009501202609
040306009507202609
040307001501202609
040307004001202609
040307004007202609
040307005801202609
040307005807202609
040307008201202609
040307009001202609
040307010401202609
040307011201202609
040307012001202609
040307013901202609
040307013907202609
040307014701202609
040307014707202609
040307015501202609
040307015507202609
040307016301202609
040307016307202609
040307017101202609
040308001001202609
040308002901202609
040308003701202609
040308004501202609
040308005301202609
040308005307202609
040308006101202609
040308007001202609
040308007007202609
040308008801202609
040308008807202609
040308009601202609
040308009607202609
040308010001202609
040401001601202609
040401001605202609
040401001609202609
040401002401202609
040401002407202609
040401002409202609
040401003201202609
040401003207202609
040401003209202609
040401004001202609
040401004007202609
040401004009202609
040401005901202609
040401005907202609
040401005909202609
040401006701202609
040401006707202609
040401006709202609
040401008301202609
040401008307202609
040401008309202609
040401010501202609
040401010507202609
040401010509202609
040401011301202609
040401011307202609
040401011309202609
040401012101202609
040401012107202609
040401012109202609
040401013001202609
040401013007202609
040401013009202609
040401014801202609
040401014807202609
040401014809202609
040401016401202609
040401016407202609
040401016409202609
040401017201202609
040401017207202609
040401018001202609
040401018007202609
040401019901202609
040401019907202609
040401020201202609
040401020207202609
040401021001202609
040401021007202609
040401021009202609
040401022901202609
040401022907202609
040401022909202609
040401023701202609
040401023707202609
040401023709202609
040401028801202609
040401028807202609
040401028809202609
040401031801202609
040401031807202609
040401031809202609
040401032601202609
040401032607202609
040401032609202609
040401033401202609
040401033407202609
040401033409202609
040401035001202609
040401035007202609
040401035009202609
040401037701202609
040401037707202609
040401037709202609
040401038501202609
040401038507202609
040401038509202609
040401040701202609
040401040707202609
040401040709202609
040401041501202609
040401041507202609
040401041509202609
040401043101202609
040401043107202609
040401045801202609
040401045807202609
040401046601202609
040401046607202609
040401046609202609
040401047401202609
040401047407202609
040401047409202609
040401048201202609
040401048207202609
040401048209202609
040401049001202609
040401049007202609
040401049009202609
040401050401202609
040401050407202609
040401050409202609
040401051201202609
040401051207202609
040401051209202609
040401052001202609
040401052007202609
040401052009202609
040401053901202609
040401053907202609
040401053909202609
040401054701202609
040401054707202609
040401055501202609
040401055507202609
040401055509202609
040401056301202609
040401056309202609
040401057101202609
040401057107202609
040401058001202609
040401058007202609
040401059801202609
040401059807202609
040401060101202609
040401060107202609
040401061001202609
040401061007202609
040401062801202609
040401062807202609
040401063601202609
040401063607202609
040401064401202609
040401064407202609
040401065201202609
040401065207202609
040402001101202609
040402001107202609
040402001109202609
040402003801202609
040402003807202609
040402003809202609
040402004601202609
040402004607202609
040402004609202609
040402006201202609
040402006207202609
040402007001202609
040402007007202609
040402007009202609
040402008901202609
040402008907202609
040402008909202609
040402010001202609
040402010003202609
040402010007202609
040402010009202609
040402011901202609
040402011907202609
040402011909202609
040402013501202609
040402013507202609
040402014301202609
040402014307202609
040402014309202609
040402017801202609
040402017807202609
040402020801202609
040402020807202609
040402020809202609
040402022401202609
040402022407202609
040402023201202609
040402023207202609
040402023209202609
040402024001202609
040402024007202609
040402024009202609
040402027501202609
040402027507202609
040402029101202609
040402029107202609
040402031301202609
040402031307202609
040402031309202609
040402032101202609
040402032107202609
040402032109202609
040402034801202609
040402034807202609
040402034809202609
040402035601202609
040402035607202609
040402035609202609
040402038001202609
040402038007202609
040402039901202609
040402039907202609
040402039909202609
040402042901202609
040402042907202609
040402042909202609
040402045301202609
040402045307202609
040402045309202609
040402046101202609
040402046107202609
040402046109202609
040402047001202609
040402047007202609
040402047009202609
040402048801202609
040402048807202609
040402048809202609
040402049601202609
040402049607202609
040402050001202609
040402050007202609
040402051801202609
040402051807202609
040402051809202609
040402052601202609
040402052607202609
040402053401202609
040402053407202609
040402054201202609
040402054207202609
040402054209202609
040402055001202609
040402055007202609
040402056901202609
040402056907202609
040402056909202609
040402057701202609
040402057707202609
040402057709202609
040402058501202609
040402058507202609
040402059301202609
040402059307202609
040402060701202609
040402060707202609
040402064001202609
040402064007202609
040402064009202609
040402065801202609
040402065807202609
040402065809202609
040402066601202609
040402066607202609
040402066609202609
040402069001202609
040402069007202609
040402070401202609
040402070407202609
040402071201202609
040402071207202609
040402071209202609
040402072001202609
040402072007202609
040402073901202609
040402073907202609
040402077101202609
040402077107202609
040402077109202609
040402078001202609
040402078007202609
040402079801202609
040402079807202609
040402079809202609
040403001701202609
040403001707202609
040403001709202609
040403003301202609
040403003307202609
040403004101202609
040403004107202609
040403004109202609
040403005001202609
040403005007202609
040403005009202609
040403006801202609
040403006807202609
040403006809202609
040403007601202609
040403007607202609
040403007609202609
040403008401202609
040403008407202609
040403008409202609
040403010601202609
040403010607202609
040403010609202609
040403012201202609
040403012207202609
040403012209202609
040403013001202609
040403013007202609
040403013009202609
040403015701202609
040403015707202609
040403015709202609
040403016501202609
040403016507202609
040403016509202609
040403017301202609
040403017307202609
040403017309202609
040403019001202609
040403019007202609
040403019009202609
040403022001202609
040403022007202609
040403022009202609
040403024601202609
040403024607202609
040403024609202609
040403025401202609
040403025407202609
040403025409202609
040403026201202609
040403026207202609
040403026209202609
040403027001202609
040403027007202609
040403027009202609
040403028901202609
040403028907202609
040403029701202609
040403029707202609
040403030001202609
040403030007202609
040403031901202609
040403031907202609
040403031909202609
040403032701202609
040403032707202609
040501001001202609
040501001007202609
040501001009202609
040501002801202609
040501002807202609
040501002809202609
040501003601202609
040501003607202609
040501003609202609
040501007901202609
040501007907202609
040501007909202609
040501008701202609
040501008707202609
040501008709202609
040501011701202609
040501011707202609
040501011709202609
040501012501202609
040501012507202609
040501012509202609
040501013301202609
040501013307202609
040501013309202609
040501015001202609
040501015007202609
040501015009202609
040501017601202609
040501017607202609
040501017609202609
040502001501202609
040502001507202609
040502001509202609
040502002301202609
040502002307202609
040502002309202609
040503001001202609
040503001007202609
040503001009202609
040503002901202609
040503002907202609
040503002909202609
040503007001202609
040503007007202609
040503007009202609
040503009601202609
040503009607202609
040503009609202609
040503011801202609
040503011807202609
040503011809202609
040503013401202609
040503013407202609
040503013409202609
040503014201202609
040503014207202609
040503014209202609
040503016901202609
040503016907202609
040503016909202609
040503017701202609
040503017707202609
040503017709202609
040503018501202609
040503018507202609
040503019301202609
040503019307202609
040503020701202609
040503020707202609
040503020709202609
040504001601202609
040504001607202609
040504001609202609
040504002401202609
040504002407202609
040504002409202609
040504004001202609
040504004007202609
040504004009202609
040504005901202609
040504005907202609
040504005909202609
040504006701202609
040504006707202609
040504006709202609
040504007501202609
040504007507202609
040504007509202609
040504008301202609
040504008307202609
040504008309202609
040504009101202609
040504009107202609
040504009109202609
040504010501202609
040504010507202609
040504010509202609
040504014801202609
040504014807202609
040504014809202609
040504015601202609
040504015607202609
040504015609202609
040504016401202609
040504016407202609
040504016409202609
040504018001202609
040504018007202609
040504020201202609
040504020207202609
040504020209202609
040504021001202609
040504021007202609
040504021009202609
040505001101202609
040505001107202609
040505001109202609
040505004601202609
040505004607202609
040505004609202609
040505005401202609
040505005407202609
040505005409202609
040505009701202609
040505009707202609
040505009709202609
040505010001202609
040505010007202609
040505010009202609
040505011901202609
040505011907202609
040505011909202609
040505013501202609
040505013507202609
040505013509202609
040505014301202609
040505014307202609
040505014309202609
040505015101202609
040505015107202609
040505015109202609
040505018601202609
040505018607202609
040505018609202609
040505021601202609
040505021607202609
040505021609202609
040505022401202609
040505022407202609
040505022409202609
040505023201202609
040505023207202609
040505023209202609
040505031301202609
040505031307202609
040505031309202609
040505032101202609
040505032107202609
040505032109202609
040505035601202609
040505035607202609
040505035609202609
040505037201202609
040505037207202609
040505037209202609
040505038001202609
040505038007202609
040505038009202609
040505039901202609
040505039907202609
040505039909202609
040505040201202609
040505040209202609
040601001301202609
040601001307202609
040601002101202609
040601003001202609
040601004801202609
040601005601202609
040601006401202609
040601007201202609
040601007207202609
040601008001202609
040601009901202609
040601010201202609
040601010207202609
040601011001202609
040601011007202609
040601013701202609
040601013707202609
040601015301202609
040601015307202609
040601016101202609
040601017001202609
040601017007202609
040601018801202609
040601019601202609
040601019607202609
040601020001202609
040601020007202609
040601021801202609
040601021807202609
040601022601202609
040601022607202609
040601023401202609
040601024201202609
040601025001202609
040601025007202609
040601026901202609
040601026907202609
040601027701202609
040601027707202609
040601028501202609
040601028507202609
040601029301202609
040601030701202609
040601031501202609
040601032301202609
040601033101202609
040601033107202609
040601034001202609
040601035801202609
040601036601202609
040601036607202609
040601037401202609
040601037407202609
040601038201202609
040601039001202609
040601039007202609
040601040401202609
040601041201202609
040601041207202609
040601042001202609
040601042007202609
040601043901202609
040601044701202609
040601044707202609
040601045501202609
040601046301202609
040601046307202609
040601047101202609
040601047107202609
040601048001202609
040601049801202609
040601049807202609
040601050101202609
040601051001202609
040601051007202609
040601052801202609
040601052807202609
040601053601202609
040601054401202609
040601055201202609
040601056001202609
040601056007202609
040601056009202609
040601057901202609
040601058701202609
040601058709202609
040601059501202609
040601060901202609
040601061701202609
040601062501202609
040601063301202609
040601063309202609
040601064101202609
040601064107202609
040601064109202609
040601065001202609
040601065009202609
040601066801202609
040601066807202609
040601066809202609
040601067601202609
040601067607202609
040601067609202609
040601068401202609
040601068407202609
040601068409202609
040601069201202609
040601069207202609
040601070601202609
040601071401202609
040601071407202609
040601071409202609
040601073001202609
040601075701202609
040601075707202609
040601076501202609
040601076507202609
040601077301202609
040601077307202609
040601078101202609
040601078107202609
040601079001202609
040601079009202609
040601080301202609
040601080307202609
040601081101202609
040601082001202609
040601082007202609
040601083801202609
040601084601202609
040601085401202609
040601085409202609
040601086201202609
040601086209202609
040601087001202609
040601087009202609
040601088901202609
040601089701202609
040601090001202609
040601090007202609
040601091901202609
040601091907202609
040601091909202609
040601092701202609
040601093501202609
040601094301202609
040601095101202609
040601096001202609
040601096003202609
040601096007202609
040601097801202609
040601097803202609
040601097807202609
040601098601202609
040601099401202609
040601100101202609
040601100109202609
040601101001202609
040601101009202609
040601102801202609
040601102809202609
040601103601202609
040601103609202609
040601104401202609
040601104407202609
040601104409202609
040601105201202609
040601105209202609
040601107901202609
040601108701202609
040601108709202609
040601109501202609
040601109509202609
040601110901202609
040601110909202609
040601111701202609
040601111709202609
040601112501202609
040601112509202609
040601113301202609
040601113307202609
040601113309202609
040601114101202609
040601114109202609
040601115001202609
040601115007202609
040601115009202609
040601116801202609
040601116809202609
040601117601202609
040601117609202609
040601118401202609
040601118409202609
040601119201202609
040601119209202609
040601120601202609
040601121401202609
040601121407202609
040601122201202609
040601122207202609
040601123001202609
040601124901202609
040601125701202609
040601126501202609
040601126507202609
040601127301202609
040601127307202609
040601128101202609
040601128107202609
040601129001202609
040601129007202609
040601130301202609
040601130307202609
040601131101202609
040601131107202609
040601132001202609
040601132007202609
040601133801202609
040601133807202609
040601134601202609
040601134607202609
040601135401202609
040601135407202609
040601136201202609
040601136207202609
040601137001202609
040601137007202609
040601138901202609
040601138907202609
040601139701202609
040601139707202609
040601140001202609
040601140007202609
040601141901202609
040601141907202609
040601142701202609
040601142707202609
040601143501202609
040601143507202609
040601144301202609
040601144307202609
040601145101202609
040601145107202609
040601146001202609
040601146007202609
040601147801202609
040601147807202609
040601148601202609
040601148607202609
040601149401202609
040601149407202609
040601150801202609
040601150807202609
040601151601202609
040601151607202609
040602001901202609
040602001907202609
040602002701202609
040602002707202609
040602003501202609
040602003507202609
040602004301202609
040602004307202609
040602005101202609
040602005107202609
040602007801202609
040602007807202609
040602007809202609
040602010801202609
040602011601202609
040602011607202609
040602011609202609
040602012401202609
040602012407202609
040602015901202609
040602015907202609
040602015909202609
040602016701202609
040602016707202609
040602016709202609
040602019101202609
040602019107202609
040602021301202609
040602022101202609
040602023001202609
040602024801202609
040602024807202609
040602025601202609
040602025607202609
040602026401202609
040602026407202609
040602027201202609
040602027207202609
040602028001202609
040602028007202609
040602030201202609
040602030207202609
040602031001202609
040602031007202609
040602032901202609
040602032907202609
040602033701202609
040602033707202609
040602034501202609
040602034507202609
040602035301202609
040602035307202609
040602036101202609
040602036107202609
040602037001202609
040602037007202609
040602038801202609
040602038807202609
040602039601202609
040602039607202609
040602040001202609
040602040007202609
040602041801202609
040602041807202609
040602042601202609
040602042607202609
040602043401202609
040602043407202609
040602044201202609
040602044207202609
040602045001202609
040602046901202609
040602046907202609
040602047701202609
040602047707202609
040602048501202609
040602048507202609
040602049301202609
040602049307202609
040602050701202609
040602050707202609
040602051501202609
040602051507202609
040602052301202609
040602053101202609
040602053107202609
040602054001202609
040602054007202609
040602055801202609
040602055807202609
040602056601202609
040602056607202609
040602056609202609
040602057401202609
040602057407202609
040602057409202609
040602058201202609
040602058207202609
040602059001202609
040602059007202609
040602060401202609
040602060407202609
040602060409202609
040602062001202609
040602062003202609
040602062007202609
040602062009202609
040603001401202609
040603002201202609
040603003001202609
040603004901202609
040603005701202609
040603005707202609
040603006501202609
040603007301202609
040603008101202609
040603008107202609
040603009001202609
040603009007202609
040603010301202609
040603010307202609
040603011101202609
040603011107202609
040603012001202609
040603012007202609
040603013801202609
040603013807202609
040603014601202609
040603014607202609
040603015401202609
040603015407202609
040603016201202609
040604001001202609
040604001007202609
040604002801202609
040604002807202609
040604004401202609
040604004407202609
040604005201202609
040604005207202609
040604006001202609
040604006007202609
040604007901202609
040604007907202609
040604008701202609
040604009501202609
040604010901202609
040604010907202609
040604011701202609
040604011707202609
040604012501202609
040604012507202609
040604013301202609
040604014101202609
040604014107202609
040604015001202609
040604016801202609
040604017601202609
040604018401202609
040604019201202609
040604019207202609
040604020601202609
040604020607202609
040604020609202609
040604021401202609
040604021407202609
040604022201202609
040604022207202609
040604023001202609
040604023007202609
040604024901202609
040604024907202609
040604025701202609
040604025707202609
040604025709202609
040604026501202609
040604026507202609
040604027301202609
040604027307202609
040604027309202609
040604028101202609
040604029001202609
040604029007202609
040604029009202609
040604030301202609
040604030307202609
040604030309202609
040604031101202609
040604031107202609
040604031109202609
040604032001202609
040604032007202609
040604033801202609
040604033807202609
040605001501202609
040605001507202609
040605001509202609
040605002301202609
040605002307202609
040605002309202609
040605003101202609
040605003107202609
040605003109202609
040605004001202609
040605004007202609
040605004009202609
040605005801202609
040605005807202609
040605005809202609
040605006601202609
040605006607202609
040605006609202609
040605007401202609
040605007407202609
040605007409202609
040605008201202609
040605008207202609
040605008209202609
040605009001202609
040605009007202609
040605010401202609
040605010407202609
040605011201202609
040605012001202609
040605012007202609
040605012009202609
040605013901202609
040605013907202609
040605013909202609
040701001701202609
040701001707202609
040701003301202609
040701003307202609
040701004101202609
040701005001202609
040701005007202609
040701006801202609
040701006807202609
040701007601202609
040701008401202609
040701008407202609
040701009201202609
040701009207202609
040701010601202609
040701010607202609
040701011401202609
040701011407202609
040701012201202609
040701013001202609
040701014901202609
040701015701202609
040701015707202609
040701016501202609
040701016507202609
040701017301202609
040701018101202609
040701019001202609
040701019007202609
040701020301202609
040701020307202609
040701021101202609
040701021107202609
040701021109202609
040701022001202609
040701022007202609
040701022009202609
040701023801202609
040701023807202609
040701027001202609
040701027007202609
040701028901202609
040701029701202609
040701029707202609
040701030001202609
040701033501202609
040701033507202609
040701034301202609
040701034307202609
040701035101202609
040701035107202609
040701036001202609
040701037801202609
040701038601202609
040702001201202609
040702002001202609
040702003901202609
040702003907202609
040702004701202609
040702004707202609
040702006301202609
040702006307202609
040702007101202609
040702007107202609
040702008001202609
040702008007202609
040702009801202609
040702009807202609
040702010101202609
040702010107202609
040702011001202609
040702011007202609
040702011009202609
040702013601202609
040702013607202609
040702013609202609
040702014401202609
040702014407202609
040702014409202609
040702015201202609
040702015207202609
040702017901202609
040702017907202609
040702018701202609
040702018707202609
040702019501202609
040702019507202609
040702020901202609
040702020907202609
040702021701202609
040702021709202609
040702022501202609
040702022507202609
040702022509202609
040702023301202609
040702023307202609
040702024101202609
040702024107202609
040702025001202609
040702025007202609
040702026801202609
040702026807202609
040702026809202609
040702027601202609
040702027607202609
040702027609202609
040702028401202609
040702028407202609
040702028409202609
040702029201202609
040702029207202609
040702030601202609
040702030607202609
040702032201202609
040702032207202609
040702032209202609
040702033001202609
040702034901202609
040702035701202609
040702036501202609
040702036507202609
040702038101202609
040702038107202609
040702040301202609
040702040307202609
040702041101202609
040702041107202609
040702042001202609
040702042007202609
040702043801202609
040702043807202609
040702044601202609
040702044607202609
040702045401202609
040702045407202609
040702045409202609
040702046201202609
040702046207202609
040702047001202609
040702047007202609
040702047009202609
040703001801202609
040703001807202609
040703002601202609
040703002607202609
040703003401202609
040703003407202609
040703003409202609
040703004201202609
040703004207202609
040703005001202609
040703005007202609
040703006901202609
040703006907202609
040703007701202609
040703007707202609
040703007709202609
040703012301202609
040703012307202609
040703013101202609
040703013107202609
040703014001202609
040703014007202609
040703015801202609
040703015807202609
040703016601202609
040703016607202609
040703017401202609
040703017407202609
040703018201202609
040703018207202609
040703019001202609
040703019007202609
040703020401202609
040703021201202609
040703022001202609
040703024701202609
040703025501202609
040703025507202609
040704001301202609
040704001307202609
040704002101202609
040704002107202609
040704003001202609
040704003007202609
040704004801202609
040704004807202609
040704005601202609
040704005607202609
040704006401202609
040704006407202609
040704006409202609
040704007201202609
040704007207202609
040704007209202609
040704008001202609
040704008007202609
040704008009202609
040704009901202609
040704009907202609
040704009909202609
040704010201202609
040704010207202609
040704010209202609
040704011001202609
040704011007202609
040704011009202609
040704012901202609
040704012907202609
040704012909202609
040704013701202609
040704013707202609
040704013709202609
040704014501202609
040704014507202609
040704014509202609
040704015301202609
040704015307202609
040704015309202609
040704016101202609
040704016107202609
040704017001202609
040704017007202609
040704017009202609
040704018801202609
040704018807202609
040704020001202609
040704020007202609
040704022601202609
040704022607202609
040704022609202609
040704023401202609
040704023407202609
040704024201202609
040704024207202609
040704025001202609
040704025007202609
040704026901202609
040704026907202609
040801001001202609
040801001007202609
040801002901202609
040801002907202609
040801003701202609
040801003707202609
040801004501202609
040801005301202609
040801006101202609
040801007001202609
040801007007202609
040801008801202609
040801008807202609
040801009601202609
040801009607202609
040801009609202609
040801010001202609
040801010007202609
040801010009202609
040801011801202609
040801011807202609
040801011809202609
040801013401202609
040801013407202609
040801013409202609
040801014201202609
040801014207202609
040801014209202609
040801015001202609
040801015007202609
040801015009202609
040801016901202609
040801016907202609
040801017701202609
040801017707202609
040801018501202609
040801018507202609
040801018509202609
040801019301202609
040801019307202609
040801020701202609
040801020707202609
040801020709202609
040801021501202609
040801021509202609
040801022301202609
040801022307202609
040801022309202609
040801023101202609
040801023109202609
040802001601202609
040802001607202609
040802002401202609
040802002407202609
040802003201202609
040802003207202609
040802004001202609
040802005901202609
040802006701202609
040802007501202609
040802008301202609
040802009101202609
040802010501202609
040802010507202609
040802010509202609
040802011301202609
040802011307202609
040802012101202609
040802012107202609
040802012109202609
040802013001202609
040802013007202609
040802014801202609
040802014807202609
040802014809202609
040802015601202609
040802015607202609
040802016401202609
040802016407202609
040802016409202609
040802017201202609
040802017207202609
040802017209202609
040802018001202609
040802018007202609
040802018009202609
040802019901202609
040802019907202609
040802019909202609
040802020201202609
040802020207202609
040802020209202609
040802021001202609
040802021007202609
040802022901202609
040802022907202609
040802022909202609
040802024501202609
040802024507202609
040802024509202609
040802025301202609
040802025307202609
040802026101202609
040802026107202609
040802027001202609
040802027007202609
040802028801202609
040802028807202609
040802029601202609
040802029607202609
040802029609202609
040802030001202609
040802030007202609
040802030009202609
040802031801202609
040802031807202609
040802031809202609
040802032601202609
040802032607202609
040802032609202609
040802033401202609
040802033407202609
040802034201202609
040802034207202609
040802034209202609
040802035001202609
040802035007202609
040802036901202609
040802036907202609
040802037701202609
040802037707202609
040802037709202609
040802038501202609
040802038507202609
040802039301202609
040802039307202609
040802040701202609
040802040707202609
040802041501202609
040802041507202609
040802042301202609
040802042307202609
040802043101202609
040802043107202609
040802044001202609
040802044007202609
040802044009202609
040802045801202609
040802045807202609
040802046601202609
040802046607202609
040802047401202609
040802047407202609
040802047409202609
040802048201202609
040802048207202609
040802048209202609
040802049001202609
040802049007202609
040802049009202609
040802050401202609
040802050407202609
040802050409202609
040802051201202609
040802051207202609
040802051209202609
040802052001202609
040802052007202609
040802052009202609
040802053901202609
040802053907202609
040802053909202609
040802054701202609
040802054707202609
040802055501202609
040802055507202609
040802055509202609
040802056301202609
040802056307202609
040802057101202609
040802057107202609
040802058001202609
040802058007202609
040802059801202609
040802059807202609
040802059809202609
040802060101202609
040802060107202609
040802060109202609
040802061001202609
040802061007202609
040802061009202609
040802062801202609
040802062807202609
040802062809202609
040802063601202609
040802063607202609
040802063609202609
040802064401202609
040802064407202609
040802064409202609
040803001101202609
040803001107202609
040803002001202609
040803002007202609
040803003801202609
040803003807202609
040803004601202609
040803005401202609
040803005407202609
040803006201202609
040803006207202609
040803007001202609
040803007007202609
040803008901202609
040803008907202609
040803009701202609
040803009707202609
040803010001202609
040803010007202609
040803011901202609
040803011907202609
040803012701202609
040803012707202609
040803013501202609
040803014301202609
040803015101202609
040803016001202609
040803017801202609
040803017807202609
040803018601202609
040803019401202609
040803020801202609
040803021601202609
040803022401202609
040803023201202609
040803023207202609
040803024001202609
040803024007202609
040803025901202609
040803025907202609
040803026701202609
040803026707202609
040803027501202609
040803027507202609
040803028301202609
040803028307202609
040803029101202609
040803029107202609
040803030501202609
040803030507202609
040803031301202609
040803031307202609
040803032101202609
040803032107202609
040803033001202609
040803033007202609
040803034801202609
040803034807202609
040803035601202609
040803036401202609
040803036407202609
040803037201202609
040803037207202609
040803038001202609
040803038007202609
040803039901202609
040803039907202609
040803040201202609
040803040207202609
040803041001202609
040803041007202609
040803042901202609
040803042907202609
040803043701202609
040803043707202609
040803044501202609
040803044507202609
040803045301202609
040803045307202609
040803046101202609
040803046107202609
040803047001202609
040803047007202609
040803050001202609
040803050007202609
040803051801202609
040803051807202609
040803052601202609
040803052607202609
040803053401202609
040803053407202609
040803054201202609
040803054207202609
040803055001202609
040803055007202609
040803056901202609
040803056907202609
040803057701202609
040803057707202609
040803058501202609
040803058507202609
040803059301202609
040803059307202609
040803060701202609
040803060707202609
040803061501202609
040803061507202609
040803062301202609
040803062307202609
040803063101202609
040803063107202609
040803064001202609
040803064007202609
040803065801202609
040803065807202609
040803066601202609
040803066607202609
040803067401202609
040803067407202609
040803068201202609
040803068207202609
040803069001202609
040803069007202609
040803070401202609
040803071201202609
040803071207202609
040803072001202609
040803072007202609
040803073901202609
040803073907202609
040803074701202609
040803074707202609
040803075501202609
040803075507202609
040803075509202609
040803076301202609
040803076307202609
040803077101202609
040803077107202609
040803078001202609
040803079801202609
040803080101202609
040803080107202609
040803081001202609
040803081007202609
040803082801202609
040803082807202609
040803083601202609
040803083607202609
040803084401202609
040803084407202609
040803085201202609
040803085207202609
040803086001202609
040803086007202609
040803087901202609
040803087907202609
040803088701202609
040803088707202609
040803089501202609
040803089507202609
040803090901202609
040803090907202609
040803091701202609
040803091707202609
040804001701202609
040804001707202609
040804002501202609
040804002507202609
040804003301202609
040804003307202609
040804004101202609
040804004107202609
040804005001202609
040804006801202609
040804007601202609
040804008401202609
040804009201202609
040804010601202609
040804010607202609
040804011401202609
040804011407202609
040804012201202609
040804012207202609
040804013001202609
040804013007202609
040804014901202609
040804014907202609
040804015701202609
040804015707202609
040804016501202609
040804016507202609
040804017301202609
040804017307202609
040804018101202609
040804018107202609
040804018109202609
040804019001202609
040804019007202609
040804019009202609
040804020301202609
040804020307202609
040804022001202609
040804022007202609
040804023801202609
040804023807202609
040804024601202609
040804024607202609
040804025401202609
040804025407202609
040804026201202609
040804026207202609
040804027001202609
040804027007202609
040804028901202609
040804028907202609
040804029701202609
040804029707202609
040804030001202609
040804030007202609
040804031901202609
040804031907202609
040804032701202609
040804032707202609
040804033501202609
040804033507202609
040804034301202609
040804034307202609
040805001201202609
040805001207202609
040805002001202609
040805002007202609
040805003901202609
040805003907202609
040805004701202609
040805004707202609
040805005501202609
040805006301202609
040805007101202609
040805008001202609
040805008007202609
040805010101202609
040805010107202609
040805011001202609
040805011007202609
040805012801202609
040805012807202609
040805013601202609
040805013607202609
040805014401202609
040805014407202609
040805014409202609
040805015201202609
040805015207202609
040805016001202609
040805016007202609
040805016009202609
040805017901202609
040805017907202609
040805019501202609
040805019507202609
040805019509202609
040805020901202609
040805020907202609
040805020909202609
040805021701202609
040805021707202609
040805021709202609
040805022501202609
040805022507202609
040805022509202609
040805023301202609
040805023307202609
040805024101202609
040805024107202609
040805024109202609
040805025001202609
040805025007202609
040805025009202609
040805026801202609
040805026807202609
040805026809202609
040805027601202609
040805027607202609
040805027609202609
040805028401202609
040805028407202609
040805028409202609
040805029201202609
040805029207202609
040805029209202609
040805030601202609
040805030607202609
040805031401202609
040805031407202609
040805032201202609
040805032207202609
040805032209202609
040805033001202609
040805033007202609
040805034901202609
040805034907202609
040805034909202609
040805035701202609
040805035707202609
040805035709202609
040805036501202609
040805036507202609
040805037301202609
040805037307202609
040805037309202609
040805038101202609
040805038107202609
040805039001202609
040805039007202609
040805039009202609
040805040301202609
040805041101202609
040805041107202609
040805042001202609
040805042007202609
040805043801202609
040805043807202609
040805044601202609
040805044607202609
040805044609202609
040805045401202609
040805045407202609
040805046201202609
040805046207202609
040805047001202609
040805047007202609
040805048901202609
040805048907202609
040805049701202609
040805049707202609
040805050001202609
040805050007202609
040805051901202609
040805051907202609
040805052701202609
040805052707202609
040805053501202609
040805053507202609
040805054301202609
040805054307202609
040805055101202609
040805055107202609
040805056001202609
040805056007202609
040805057801202609
040805057807202609
040805058601202609
040805058607202609
040805059401202609
040805059407202609
040805060801202609
040805060807202609
040805061601202609
040805061607202609
040805062401202609
040805062407202609
040805063201202609
040805063207202609
040805064001202609
040805064007202609
040805064009202609
040805065901202609
040805065907202609
040805065909202609
040805066701202609
040805066709202609
040805067501202609
040805067507202609
040805068301202609
040805068307202609
040805069101202609
040805069107202609
040805069109202609
040805070501202609
040805070507202609
040805071301202609
040805071307202609
040805072101202609
040805072107202609
040805073001202609
040805073007202609
040805073009202609
040805074801202609
040805074807202609
040805074809202609
040805075601202609
040805075607202609
040805075609202609
040805076401202609
040805076407202609
040805076409202609
040805077201202609
040805077207202609
040805078001202609
040805078007202609
040805079901202609
040805079907202609
040805080201202609
040805080207202609
040805081001202609
040805081007202609
040805082901202609
040805082907202609
040805082909202609
040805083701202609
040805083707202609
040805084501202609
040805084507202609
040805085301202609
040805085307202609
040805086101202609
040805086107202609
040805087001202609
040805087007202609
040805088801202609
040805088807202609
040805088809202609
040805089601202609
040805089607202609
040805089609202609
040805090001202609
040805091801202609
040805091807202609
040805091809202609
040805092601202609
040805092607202609
040805092609202609
040806001801202609
040806001807202609
040806001809202609
040806002601202609
040806002607202609
040806003401202609
040806003407202609
040806004201202609
040806004207202609
040806004209202609
040806005001202609
040806005007202609
040806005009202609
040806006901202609
040806006907202609
040806007701202609
040806007707202609
040806008501202609
040806008507202609
040806008509202609
040806009301202609
040806009307202609
040806010701202609
040806010707202609
040806011501202609
040806011507202609
040806011509202609
040806012301202609
040806012307202609
040806012309202609
040806013101202609
040806013107202609
040806013109202609
040806014001202609
040806014007202609
040806014009202609
040806015801202609
040806015807202609
040806015809202609
040806016601202609
040806016607202609
040806017401202609
040806017407202609
040806018201202609
040806018207202609
040806019001202609
040806019007202609
040806020401202609
040806020407202609
040806020409202609
040806021201202609
040806021207202609
040806021209202609
040806023901202609
040806023907202609
040806024701202609
040806024707202609
040806025501202609
040806025507202609
040806026301202609
040806026307202609
040806027101202609
040806027107202609
040806028001202609
040806028007202609
040806029801202609
040806029807202609
040806029809202609
040806030101202609
040806030107202609
040806030109202609
040806031001202609
040806031007202609
040806031009202609
040806032801202609
040806032807202609
040806032809202609
040806033601202609
040806033607202609
040806033609202609
040806034401202609
040806034407202609
040806034409202609
040806035201202609
040806035207202609
040806035209202609
040806036001202609
040806036007202609
040806036009202609
040806037901202609
040806037907202609
040806037909202609
040806038701202609
040806038707202609
040806039501202609
040806039507202609
040806039509202609
040806040901202609
040806040907202609
040806040909202609
040806041701202609
040806041707202609
040806041709202609
040806042501202609
040806042507202609
040806042509202609
040806043301202609
040806043307202609
040806043309202609
040806044101202609
040806044107202609
040806044109202609
040806045001202609
040806045007202609
040806045009202609
040806046801202609
040806046807202609
040806046809202609
040806047601202609
040806047607202609
040806047609202609
040806048401202609
040806048407202609
040806048409202609
040806049201202609
040806049207202609
040806050601202609
040806050607202609
040806051401202609
040806051407202609
040806052201202609
040806052207202609
040806053001202609
040806053007202609
040806053009202609
040806054901202609
040806054907202609
040806054909202609
040806055701202609
040806055707202609
040806056501202609
040806056507202609
040806056509202609
040806057301202609
040806057307202609
040806057309202609
040806058101202609
040806058107202609
040806058109202609
040806059001202609
040806059007202609
040806060301202609
040806060307202609
040806060309202609
040806061101202609
040806062001202609
040806062007202609
040806063801202609
040806063807202609
040806063809202609
040806064601202609
040806064607202609
040806066201202609
040806066207202609
040806067001202609
040806067007202609
040806067009202609
040806069701202609
040806069707202609
040806070001202609
040806070007202609
040806070009202609
040901001401202609
040901001407202609
040901002201202609
040901002207202609
040901003001202609
040901003007202609
040901004901202609
040901004907202609
040901005701202609
040901005707202609
040901006501202609
040901006507202609
040901006509202609
040901007301202609
040901007307202609
040901008101202609
040901008107202609
040901009001202609
040901009007202609
040901009009202609
040901012001202609
040901012007202609
040901012009202609
040901013801202609
040901013807202609
040901014601202609
040901014607202609
040901014609202609
040901017001202609
040901017007202609
040901017009202609
040901018901202609
040901018907202609
040901019701202609
040901019707202609
040901020001202609
040901020007202609
040901021901202609
040901022701202609
040901022707202609
040901023501202609
040901023507202609
040901024301202609
040901024307202609
040901025101202609
040901025107202609
040901026001202609
040901026007202609
040901028601202609
040901028607202609
040901029401202609
040901029407202609
040901030801202609
040901030807202609
040901031601202609
040901031607202609
040901032401202609
040901032407202609
040901033201202609
040901033207202609
040901034001202609
040901034007202609
040901036701202609
040901036707202609
040901037501202609
040901037507202609
040901037509202609
040901038301202609
040901038307202609
040901038309202609
040901039101202609
040901039107202609
040901039109202609
040901040501202609
040901040507202609
040901041301202609
040901041307202609
040901043001202609
040901043007202609
040901043009202609
040901045601202609
040901045607202609
040901046401202609
040901046407202609
040901047201202609
040901047207202609
040901048001202609
040901048007202609
040901048009202609
040901049901202609
040901050201202609
040901050207202609
040901051001202609
040901051007202609
040901051009202609
040901052901202609
040901052907202609
040901053701202609
040901053707202609
040901054501202609
040901054507202609
040901055301202609
040901055307202609
040901056101202609
040901056107202609
040901057001202609
040901057007202609
040901058801202609
040901058807202609
040901059601202609
040901059607202609
040901059609202609
040902001001202609
040902001007202609
040902001009202609
040902002801202609
040902002807202609
040902002809202609
040902004401202609
040902004407202609
040902004409202609
040902005201202609
040902005207202609
040902007901202609
040902007907202609
040902007909202609
040902008701202609
040902008707202609
040902008709202609
040902009501202609
040902009507202609
040902009509202609
040902010901202609
040902010907202609
040902010909202609
040902012501202609
040902012507202609
040902012509202609
040902013301202609
040902013307202609
040902013309202609
040902014101202609
040902014107202609
040902014109202609
040902015001202609
040902015007202609
040902015009202609
040902016801202609
040902016807202609
040902016809202609
040902017601202609
040902017607202609
040902017609202609
040903001501202609
040903001509202609
040903002301202609
040903003101202609
040903004001202609
040903005801202609
040904001001202609
040904001007202609
040904001009202609
040904003701202609
040904003707202609
040904003709202609
040904004501202609
040904004507202609
040904005301202609
040904005307202609
040904005309202609
040904007001202609
040904007007202609
040904007009202609
040904008801202609
040904008807202609
040904008809202609
040904009601202609
040904009607202609
040904009609202609
040904011801202609
040904011807202609
040904011809202609
040904012601202609
040904012607202609
040904012609202609
040904013401202609
040904013407202609
040904013409202609
040904014201202609
040904014209202609
040904015001202609
040904015007202609
040904015009202609
040904016901202609
040904016907202609
040904016909202609
040904017701202609
040904017707202609
040904017709202609
040904018501202609
040904018507202609
040904018509202609
040904019301202609
040904019307202609
040904019309202609
040904020701202609
040904020707202609
040904020709202609
040904021501202609
040904021507202609
040904021509202609
040904022301202609
040904022309202609
040904023101202609
040904023107202609
040904023109202609
040904024001202609
040904024009202609
040905001601202609
040905001607202609
040905002401202609
040905002407202609
040905002409202609
040905003201202609
040905003209202609
040905004001202609
040905004007202609
040905004009202609
040905007501202609
040905007507202609
040905007509202609
040905008301202609
040905008307202609
040905008309202609
040905009101202609
040905009107202609
040905009109202609
040905010501202609
040905010507202609
040905010509202609
040905011301202609
040905011307202609
040905011309202609
040905013001202609
040905014801202609
040905016401202609
040906001101202609
040906001102202609
040906001107202609
040906001109202609
040906002001202609
040906003801202609
040906003809202609
040906004601202609
040906004607202609
040906004609202609
040906005401202609
040906005402202609
040906005409202609
040906007001202609
040906007002202609
040906007009202609
040906010001202609
040906010007202609
040906011901202609
040906011907202609
040906012701202609
040906012707202609
040906013501202609
040906013507202609
040906014301202609
040906014307202609
040906015101202609
040906015107202609
040906016001202609
040906016007202609
040906017801202609
040906017807202609
040906017809202609
040906018601202609
040906018609202609
040906019401202609
040906019407202609
040906019409202609
040906020801202609
040906020807202609
040906020809202609
040906021601202609
040906021607202609
040906021609202609
040906022401202609
040906022407202609
040906022409202609
040906023201202609
040906023202202609
040906023207202609
040906023209202609
040906024001202609
040906024002202609
040906024007202609
040906024009202609
040906025901202609
040906025902202609
040906025907202609
040906025909202609
040906026701202609
040906026702202609
040906026707202609
040906026709202609
040906027501202609
040906027507202609
040906027509202609
040906028301202609
040906028307202609
040906029101202609
040906031301202609
040906031302202609
040907001701202609
040907001709202609
040907002501202609
040907002509202609
040907003301202609
040907003309202609
040907004101202609
040907004109202609
040907005001202609
040907006801202609
040907006809202609
040907007601202609
040907007609202609
040907008401202609
040907008409202609
040907009201202609
040907009207202609
040907009209202609
040907010601202609
040907010607202609
040907010609202609
040907011401202609
040907011407202609
040907013001202609
040907013007202609
040907013009202609
040907014901202609
040907014907202609
040907014909202609
040907015701202609
040907015707202609
040907015709202609
040907019001202609
040907019009202609
040907020301202609
040907021101202609
040907021107202609
040907022001202609
040907022007202609
040907022009202609
040907023801202609
040907023807202609
040907024601202609
040907024607202609
040907025401202609
040907025407202609
040907026201202609
040907026207202609
040907026209202609
040907027001202609
040907027009202609
040907028901202609
040907028907202609
040907028909202609
040907029701202609
040907030001202609
040907030009202609
040907031901202609
041001001401202609
041001001407202609
041001001409202609
041001005701202609
041001006501202609
041001006507202609
041001006509202609
041001007301202609
041001007307202609
041001007309202609
041001008101202609
041001008107202609
041001008109202609
041001009001202609
041001009009202609
041001011101202609
041001011107202609
041001011109202609
041001012001202609
041001012007202609
041001013801202609
041001014601202609
041001015401202609
041001016201202609
041001019701202609
041001020001202609
041001021901202609
041101001801202609
041101001802202609
041101001809202609
041101002601202609
041101002602202609
041101003401202609
041101003402202609
041101004201202609
041101004202202609
041101005001202609
041101005002202609
041101005009202609
041101007701202609
041101007702202609
041101007709202609
041101008501202609
041101008502202609
041102001301202609
041102001302202609
041102001309202609
041102002101202609
041102002102202609
041102002109202609
041102003001202609
041102003002202609
041102004801202609
041102004802202609
041201001101202609
041201001107202609
041201002001202609
041201002007202609
041201003801202609
041201003807202609
041201003809202609
041201004601202609
041201004607202609
041201004609202609
041201007001202609
041201007007202609
041201008901202609
041201008907202609
041201009701202609
041201009707202609
041201010001202609
041201010007202609
041201011901202609
041201011907202609
041201013501202609
041201013507202609
041201014301202609
041201014307202609
041202001701202609
041202001707202609
041202002501202609
041202002507202609
041202003301202609
041202003307202609
041202005001202609
041202005007202609
041202006801202609
041202006807202609
041202007601202609
041202007607202609
041202008401202609
041202008407202609
041203001201202609
041203001207202609
041203004701202609
041203004707202609
041203008001202609
041203008007202609
041203009801202609
041203009807202609
041203009809202609
041203010101202609
041203010107202609
041203011001202609
041203011007202609
041204001801202609
041204001807202609
041204001809202609
041204002601202609
041204002607202609
041204003401202609
041204003407202609
041204004201202609
041204004207202609
041204005001202609
041204005007202609
041204006901202609
041204006907202609
041204008501202609
041204008507202609
041204008509202609
041204010701202609
041204010707202609
041204011501202609
041204011507202609
041204012301202609
041204012307202609
041204013101202609
041204013107202609
041204015801202609
041204015807202609
041204016601202609
041204016607202609
041204017401202609
041204017407202609
041204018201202609
041204018207202609
041204019001202609
041204019007202609
041204020401202609
041204020407202609
041204021201202609
041204021207202609
041204022001202609
041204022007202609
041204022009202609
041205001301202609
041205001307202609
041205003001202609
041205003007202609
041205004801202609
041205004807202609
041205006401202609
041205006407202609
041205007201202609
041205007207202609
041205008001202609
041205008007202609
041205010201202609
041205010207202609
041205011001202609
041205011007202609
041205013701202609
041205013707202609
041205014501202609
041205014507202609
041205015301202609
041205015307202609
041205016101202609
041205016107202609
041301001501202609
041301001507202609
041301006601202609
041301008201202609
041301008207202609
041301009001202609
041301009007202609
041303001601202609
041303001607202609
041303001609202609
041303002401202609
041303002407202609
041303002409202609
041303003201202609
041303003209202609
041303005901202609
041303005907202609
041303005909202609
041303006701202609
041303006709202609
041303007501202609
041303007509202609
041303008301202609
041303008307202609
041303008309202609
041304002001202609
041304002007202609
041304003801202609
041304004601202609
041304005401202609
041304005409202609
041304006201202609
041304006209202609
041304007001202609
041304007009202609
041304008901202609
041304008909202609
041304009701202609
041304009707202609
041304010001202609
041304010007202609
041304011901202609
041304011907202609
041304011909202609
041304012701202609
041304012707202609
041304012709202609
041304013501202609
041304013507202609
041304013509202609
041304014301202609
041304014307202609
041304014309202609
041304015101202609
041304015107202609
041304015109202609
041304016001202609
041304016007202609
041304017801202609
041304017807202609
041304018601202609
041304018607202609
041304018609202609
041304019401202609
041304019407202609
041304019409202609
041304020801202609
041304020807202609
041304020809202609
041304021601202609
041304021607202609
041304021609202609
041304022401202609
041304022407202609
041304022409202609
041304023201202609
041304023207202609
041304023209202609
041304024001202609
041304024007202609
041304025901202609
041304025909202609
041304026701202609
041401002701202609
041401003501202609
041401025601202609
041401025607202609
041401025609202609
041401027201202609
041401027207202609
041401027209202609
041401032901202609
041401032907202609
041401032909202609
041401034501202609
041401034507202609
041401034509202609
041402002201202609
041402002203202609
041402002207202609
041402002209202609
041402003001202609
041402003003202609
041402003007202609
041402003009202609
041402004901202609
041402004903202609
041402004907202609
041402004909202609
041402005701202609
041402005703202609
041402005707202609
041402005709202609
041402006501202609
041402006503202609
041402006507202609
041402006509202609
041402007301202609
041402007303202609
041402007307202609
041402007309202609
041402008101202609
041402008103202609
041402008107202609
041402008109202609
041402009001202609
041402009003202609
041402009007202609
041402009009202609
041402014601202609
041402014603202609
041402014607202609
041402014609202609
041402015401202609
041402015403202609
041402015407202609
041402015409202609
041402016201202609
041402016203202609
041402016207202609
041402016209202609
041402020001202609
041402020003202609
041402020007202609
041402020009202609
041402021901202609
041402021903202609
041402021907202609
041402021909202609
041402024301202609
041402024303202609
041402024307202609
041402024309202609
041402027801202609
041402027803202609
041402027807202609
041402027809202609
041402029401202609
041402029403202609
041402029407202609
041402029409202609
041402036701202609
041402036703202609
041402036707202609
041402036709202609
041402037501202609
041402037503202609
041402037507202609
041402037509202609
041402041301202609
041402041303202609
041402041307202609
041402041309202609
041501001201202609
041501001207202609
041502001801202609
041502003401202609
041502003407202609
041502004201202609
041502004207202609
041502005001202609
041502005007202609
041502006901202609
041502006907202609
041502007701202609
041502007707202609
041502008501202609
041503001301202609
041503001307202609
041504002701202609
041504002707202609
041504003501202609
041504003507202609
041601001601202609
041601001607202609
041601002401202609
041601002407202609
041601004001202609
041601004007202609
041601007501202609
041601007507202609
041601009101202609
041601009107202609
041601011301202609
041601011307202609
041601011309202609
041601012101202609
041601013001202609
041601016401202609
041601016407202609
041601017201202609
041601017207202609
041601017209202609
041601018001202609
041601018007202609
041601019901202609
041601019907202609
041601020201202609
041601020207202609
041601021001202609
041601021007202609
041601022901202609
041601022907202609
041601023701202609
041602002001202609
041602002007202609
041602015101202609
041602015107202609
041602016001202609
041602016007202609
041602017801202609
041602017807202609
041602017809202609
041602018601202609
041602018607202609
041602018609202609
041602019401202609
041602019407202609
041602020801202609
041602020807202609
041602021601202609
041602021607202609
041602021609202609
041602022401202609
041602022407202609
041602023201202609
041602023207202609
041602024001202609
041602024007202609
041602024009202609
041602025901202609
041602025907202609
041603002501202609
041603002507202609
041603002509202609
041603003301202609
041603003307202609
041603003309202609
041603004101202609
041603004107202609
041603004109202609
041603006801202609
041603006807202609
041603007601202609
041603008401202609
041603008407202609
041603009201202609
041603009207202609
041603014901202609
041603014907202609
041603014909202609
041603015701202609
041603015707202609
041603015709202609
041603016501202609
041603016507202609
041603017301202609
041603017307202609
041603018101202609
041603018107202609
041603019001202609
041603020301202609
041603020307202609
041603021101202609
041603021107202609
041603022001202609
041603022007202609
041603023801202609
041603023807202609
041603024601202609
041603024607202609
041603025401202609
041603026201202609
041603027001202609
041603027007202609
041603028901202609
041603029701202609
041603030001202609
041603030007202609
041603031901202609
041603031907202609
041603032701202609
041603032707202609
041603032709202609
041603033501202609
041603033507202609
041603033509202609
041603034301202609
041603034307202609
041603035101202609
041603035107202609
041603035109202609
041603036001202609
041603036007202609
041604001201202609
041604001207202609
041604002001202609
041604002007202609
041604003901202609
041604003907202609
041604004701202609
041604004707202609
041604005501202609
041604005507202609
041604007101202609
041604007107202609
041604010101202609
041604010107202609
041604011001202609
041604011007202609
041604012801202609
041604012807202609
041604014401202609
041604014407202609
041604017901202609
041604017909202609
041604018701202609
041604018709202609
041604019501202609
041604019509202609
041604020901202609
041604020907202609
041604021701202609
041604021707202609
041604022501202609
041604022507202609
041604023301202609
041604023307202609
041604024101202609
041604024107202609
041604025001202609
041604025007202609
041604026801202609
041604026807202609
041604027601202609
041604027607202609
041604028401202609
041604029201202609
041604030601202609
041604031401202609
041604031407202609
041604032201202609
041604032207202609
041604033001202609
041604033007202609
041604034901202609
041604034907202609
041605001801202609
041605001807202609
041605002601202609
041605002607202609
041605003401202609
041605003407202609
041605005001202609
041605005007202609
041605007701202609
041605007707202609
041605009301202609
041605009307202609
041605010701202609
041605010707202609
041605011501202609
041605011507202609
041605012301202609
041605012307202609
041606001301202609
041606001307202609
041606001309202609
041606002101202609
041606002107202609
041606003001202609
041606003007202609
041606005601202609
041606005607202609
041606006401202609
041606006407202609
041606008001202609
041606008007202609
041606009901202609
041606009907202609
041606010201202609
041606010207202609
041606011001202609
041606011007202609
041606012901202609
041606012907202609
041606013701202609
041606013707202609
041608001401202609
041608001407202609
041608001409202609
041608003001202609
041608003007202609
041608003009202609
041608008101202609
041608008107202609
041608009001202609
041608009007202609
041608011101202609
041608011107202609
041608012001202609
041608012007202609
041608012009202609
041609001001202609
041609001007202609
041609002801202609
041609002807202609
041609003601202609
041609003607202609
041609007901202609
041609007907202609
041609010901202609
041609010907202609
041609011701202609
041609011707202609
041609012501202609
041609012507202609
041609013301202609
041609013307202609
041611001001202609
041611001007202609
041611002901202609
041611002907202609
041611003701202609
041611003707202609
041611004501202609
041611004507202609
041611005301202609
041611005307202609
041611006101202609
041611006107202609
041611007001202609
041611007007202609
041611008801202609
041611008807202609
041612002401202609
041612003201202609
041612004001202609
041612004009202609
041612005901202609
041612005909202609
050103006901202609
050103006903202609
050103006907202609
050201001075202609
050201001076202609
050201001078202609
050201001079202609
050201002978202609
050201002979202609
050201002980202609
050201002981202609
050201002982202609
050301001401202609
050301001403202609
050301001475202609
050301001476202609
050301001478202609
050301001479202609
050301001480202609
050301001481202609
050301001482202609
050301002201202609
050301002275202609
050301002276202609
050301002278202609
050301002279202609
050301002280202609
050301002281202609
050301002282202609
050302001001202609
050302002801202609
050303001575202609
050303001576202609
050303001578202609
050303001579202609
050303001580202609
050303001581202609
050303001582202609
050303002301202609
050303002375202609
050303002376202609
050303002378202609
050303002379202609
050303002380202609
050303002381202609
050303002382202609
050303003101202609
050303003175202609
050303003176202609
050303003178202609
050303003179202609
050303003180202609
050303003181202609
050303003182202609
050303004001202609
050303004075202609
050303004076202609
050303004078202609
050303004080202609
050303004081202609
050303004082202609
050303005801202609
050303005875202609
050303005876202609
050303005878202609
050303005879202609
050303005880202609
050303005881202609
050303005882202609
050303006601202609
050303006675202609
050303006676202609
050303006678202609
050303006679202609
050303006680202609
050303006681202609
050303006682202609
050303007401202609
050303007475202609
050303007476202609
050303007478202609
050303007479202609
050303007480202609
050303007481202609
050303007482202609
050303008201202609
050303008275202609
050303008276202609
050303008278202609
050303008279202609
050303008280202609
050303008281202609
050303008282202609
050303009001202609
050303009075202609
050303009076202609
050303009078202609
050303009079202609
050303009080202609
050303009081202609
050303009082202609
050303010401202609
050303010475202609
050303010476202609
050303010478202609
050303010479202609
050303010480202609
050303010481202609
050303010482202609
050304004575202609
050304004576202609
050304004578202609
050304004579202609
050304004580202609
050304004581202609
050304004582202609
050501001103202609
050501001107202609
050501002003202609
050501002007202609
050501003803202609
050501003807202609
050501004603202609
050501004607202609
050501005403202609
050501005407202609
050501006203202609
050501006207202609
050501007003202609
050501007007202609
050501008903202609
050501008907202609
050501009701202609
050501009707202609
050501009709202609
050501012701202609
050501012707202609
050501012709202609
050501013501202609
050501013507202609
050501013509202609
050501014309202609
050502004101202609
050502004107202609
050502005001202609
050502005007202609
050502006801202609
050502007601202609
050502008401202609
050502009201202609
050502010601202609
050502012201202609
050502014901202609
050602001012202609
050602002912202609
050602003712202609
050602004503202609
050602004507202609
050602004509202609
050602004512202609
050602005301202609
050602005303202609
050602005307202609
050602006101202609
050602006103202609
050602006107202609
050602007001202609
050602007003202609
050602007007202609
050602009601202609
050602009603202609
050602009607202609
050602010001202609
050602010003202609
050602010007202609
050602011801202609
050602011803202609
050602011807202609
050602013401202609
050602013403202609
050602013407202609
070209005001202609
070209005007202609
070209006901202609
070209006907202609
080201006765202609
080201007579202609
080201008375202609
080201009176202609
080201011383202609
080201012181202609
080201013082202609
080201015678202609
080201016480202609
080201021085202609
080201022986202609
080201023792202609
080201024593202609
080201025387202609
080201026187202609
080201027087202609
080201028894202609
080201032696202609
080201036995202609
